93 1
98 61
52 95
58 55
55 80
45 57
92 53
61 11
25 34
47 72
3 42
12 18
69 37
46 16
80 65
9 5
56 29
18 52
5 93
54 81
18 50
60 26
84 64
79 63
6 99
20 52
14 27
88 38
54 28
87 90
15 50
56 55
51 21
30 20
27 51
67 38
58 37
95 21
89 63
25 14
89 73
35 28
47 2
65 25
95 53
99 97
88 45
7 31
93 71
83 6
6 63
94 96
34 74
89 51
25 14
87 57
88 18
47 14
66 16
26 41
0 98
45 66
75 85
61 22
5 9
27 90
71 95
98 91
66 77
11 29
3 71
30 95
61 90
82 43
86 37
34 7
37 98
73 74
18 21
52 79
53 25
76 46
44 73
97 5
13 49
65 6
0 70
93 7
90 70
33 28
98 4
48 94
35 24
22 94
35 69
37 24
3 36
60 19
34 39
43 49
97 70

1 2
2 3
1 4
3 5
5 6
2 7
3 8
2 9
1 10
2 11
6 12
2 13
1 14
5 15
9 16
5 17
16 18
10 19
1 20
8 21
3 22
11 23
20 24
11 25
5 26
11 27
6 28
5 29
2 30
14 31
9 32
2 33
3 34
14 35
16 36
5 37
8 38
16 39
26 40
28 41
24 42
6 43
5 44
18 45
2 46
14 47
6 48
2 49
20 50
40 51
1 52
14 53
8 54
9 55
2 56
22 57
22 58
5 59
14 60
59 61
6 62
55 63
55 64
5 65
5 66
2 67
8 68
32 69
36 70
33 71
5 72
6 73
2 74
17 75
42 76
8 77
19 78
61 79
1 80
12 81
28 82
10 83
26 84
1 85
4 86
1 87
5 88
2 89
8 90
11 91
1 92
26 93
29 94
68 95
83 96
12 97
11 98
11 99
26 100
67 101
