6 89
90 55
97 26
3 46
92 81
63 40
97 1
58 80
54 21
44 9
31 31
91 32
9 81
84 5
5 95
75 68
13 96
35 13
8 8
10 22
31 55
13 23
30 65
25 90
14 70
71 8
85 81
14 10
80 67
41 91
86 35
42 14
9 89
20 50
99 57
81 4
79 72
87 52
40 84
65 90
18 89
41 82
64 20
48 42
30 12
9 95
11 34
0 21
62 7
20 95
72 13

1 2
1 3
2 4
2 5
2 6
2 7
1 8
1 9
6 10
1 11
9 12
1 13
5 14
14 15
15 16
1 17
5 18
10 19
2 20
1 21
1 22
2 23
7 24
2 25
5 26
1 27
1 28
10 29
22 30
27 31
16 32
26 33
1 34
5 35
16 36
24 37
9 38
1 39
5 40
5 41
31 42
26 43
15 44
15 45
24 46
27 47
28 48
1 49
7 50
13 51
